6.809634495281928324e+00 1.796420906447384169e+00
7.486348957230930523e+00 1.837419596992704296e+00
8.159800193761174159e-01 -8.175700625848253411e-01
8.782225865140014243e-01 -1.229685072412369101e-01
9.387963009373303525e-01 3.421928508684623171e+00
-2.350464137074335935e-01 1.302822534882987826e+00
1.421725370228372087e+00 5.192500583152926952e-01
-1.697023482839786546e+00 5.495382346539681162e-01
-3.788735709395418816e-02 3.413677755526812518e+00
-1.362707153754844080e+00 5.871154520538632848e-01
4.007606554856830705e-01 -6.925019876628563109e-01
4.805607726752485043e+00 3.947678979463590920e+00
1.069096212557085757e+00 -4.504276773062586003e-01
3.535427249046927400e-01 2.444249298332864306e+00
3.636378010787002957e+00 3.295132052640886711e-01
-2.130694974282400178e+00 -5.449803333399380612e-02
3.831498604163617649e+00 4.028033970368153582e+00
-7.350159603874673042e-01 9.596460184074011579e-01
1.599865070811184786e+00 9.519075846796667406e-01
-9.943816493369362908e-01 2.061411249492345110e+00
4.634990418724969530e+00 4.343358666926834921e+00
1.563285417297910707e+00 -6.788377400894668456e-01
-1.801135497421102738e-01 -6.343306881171282274e-01
1.323042194233132074e+00 7.213276170260705111e-01
5.119992646218004539e-01 -1.069365312021661518e+00
7.306063086869416523e+00 1.335597108349147355e+00
3.811833848017047721e+00 -4.151693522078803711e-01
1.608148809392222267e+00 -1.419218294147952086e+00
1.023461744385535388e+00 1.273701003652547348e+00
3.214146431062956527e-02 -5.574899965114570310e-01
4.851533688582880366e+00 -9.688164878709432104e-02
-4.219999051933643885e-01 -9.668380313732244380e-02
4.814500104683652637e+00 1.586578376996077289e+00
4.850209376604547096e+00 1.801077321462279945e+00
-1.069171551340935694e-01 -8.284020623696957131e-01
1.022810851298125323e+00 -6.844065260425014063e-01
-7.105599548653992459e-01 1.215450859259292082e+00
-7.555482463203294641e-01 5.336746500948678223e-02
1.218010195472107204e+00 4.114637294043565596e+00
7.106399968094316844e-01 2.611480714339879494e+00
6.063557573519235078e+00 -5.162002744153801892e-01
1.621162258925738175e+00 2.936525002334295475e+00
7.193344993523186126e+00 -1.542889647050433855e+00
-3.471001186791290438e-01 -9.465058704749971241e-01
1.491000129029605548e+00 -3.038362656940379325e-01
4.042856208597809697e+00 1.007696289452436389e+00
3.202731410630486053e+00 2.253976008732431424e+00
2.017982309040774247e+00 2.972259676089644920e+00
1.064802665151564076e-01 3.778695059836416625e+00
2.949930231648809631e-01 -1.373676554812319317e+00
1.561104658134416234e-01 5.072449880340675898e-01
2.118962213496635230e-02 -1.692802204766254426e-01
1.798476749072236647e+00 8.899395117593397186e-01
-1.426272143969788964e+00 7.565084322347593870e-01
-1.128490687003433246e+00 -1.133485851589735693e+00
1.201901798846121805e+00 4.201039360610753448e+00
-1.438209787687350971e+00 -5.615680653495563890e-01
2.517021707112082396e+00 1.795492470054304457e+00
5.214621468738480203e+00 -7.264078914834977141e-01
-1.481865367184069360e+00 -1.631727643498932234e-01
3.745413082878588096e+00 3.943459441591867787e+00
5.711211092659941313e-01 7.544948689394496144e-01
5.112918734006611565e+00 -8.783479905039823787e-01
-1.440601366548904527e-01 4.799250341490061134e-01
-1.972649606655353383e-01 -1.371101966775249759e+00
-1.220407155832154977e+00 -1.023602941243284548e+00
3.865106941618964953e+00 -1.499213411951590413e-01
3.385830964006845134e-01 3.097007422498003759e+00
9.466393316167781569e-01 2.967099750881159181e+00
8.769347760997586727e-01 2.166463565497878552e+00
3.964030866484781868e+00 1.211838838628777060e+00
1.929547822245206934e+00 2.784420560889925955e+00
-5.059647892813612380e-01 1.007793449665692842e+00
5.908859858415077326e+00 -1.781592098750560904e+00
6.030893508574313167e+00 -1.704372504912735065e-01
-2.486504756392013127e-01 1.965072981470458169e+00
-1.121563281526423150e+00 -1.475948851480038737e+00
1.502756720368308763e+00 3.365671481506280038e+00
2.260329059243685990e+00 4.736076137428531396e+00
2.189751185072313089e-01 -5.876214981760434775e-01
-7.786506379610954598e-01 -1.105435219767340271e+00
-3.338901252628935223e-01 1.510689198269838940e+00
-1.455451632992561251e-01 1.523220694468059577e-01
-9.082134269668439286e-01 8.211389588594849576e-01
-1.878075670533414510e+00 1.895971958862693318e+00
1.618964863704075996e-01 5.272409671119152597e-01
2.953452277446996455e+00 1.598080194468180837e+00
2.268243354308924209e-02 3.962296821269872121e-02
1.104277200113533697e+00 2.368835838804028704e+00
2.771012366426341966e-01 2.995897423952350813e+00
7.672686628259415276e-01 -1.473252581610868139e+00
-1.374417398596131656e+00 -1.447500823077583432e+00
1.109649902936637345e+00 -8.720733218785052809e-01
1.641543184041184045e+00 1.153289900612691543e+00
8.311343567258971943e-01 2.650419365854137066e+00
2.882731881600076873e-01 -4.126662942640732523e-01
-9.209012477085708540e-03 -5.244672900473251742e-01
5.219534029000371111e-01 -4.721850298149474767e-01
4.068766215338975201e+00 3.631198782173830075e+00
7.835577372970123022e+00 -1.976494960523371480e+00
2.804302463404308554e+00 2.749462548921635552e+00
4.803375271610408781e+00 -9.577961301455499843e-01
3.978061076622509962e-01 2.893765101104416981e+00
3.624562408449015782e-01 2.483807517573246859e-01
4.397367320547051150e+00 -9.885782161265295187e-01
-1.312137933700086023e-01 1.593213417089387740e-01
-9.133005342984257258e-01 7.265428597999913363e-01
1.443697062274459597e+00 1.865862647781647565e+00
1.123946812631028358e+00 2.024635749147240538e-01
5.215025470372631311e+00 1.634697840987116013e+00
-8.778531755709357842e-01 -4.979573802749351352e-01
6.496625636829106654e+00 -2.362289878540340116e+00
6.876161830048563850e-01 2.340621532343842293e-01
-9.505435565722524238e-01 4.028876680702578872e-01
5.990846988937934547e-01 2.333307240185004350e+00
6.704055759770711775e-01 2.785033011247680435e+00
-4.681753731533845331e-01 5.491455281031588642e-01
1.112510296103961238e+00 2.864783716735723740e+00
1.441036356000043206e+00 3.097368346618572410e+00
-1.194974838644508486e+00 2.697756879104835193e+00
3.551847086380744423e-01 5.273232840783047548e-01
-1.231053478307133187e+00 -6.930995232068215550e-01
2.413497779203541138e-01 -8.703600080959653651e-01
-4.690622962507977056e-01 -7.200232066665118724e-01
2.081215681314820376e+00 2.237431502087817492e+00
1.056240684126175111e-01 9.569520626028465982e-01
1.192825280942712229e+00 3.134705917716355206e+00
4.270043123599308044e-01 3.108346767251182197e-01
1.545925360743057642e+00 3.361838265405120207e+00
4.158283456150563495e+00 3.788647009856045855e+00
-2.079766338366674794e-01 -2.005469288851153387e+00
5.836354557196230530e+00 -1.350810996381782703e+00
8.155822129278874622e-01 -5.256265438353000669e-02
6.348916866697301487e+00 -8.352164038376960198e-01
-1.401124230145389449e+00 1.525573434923908955e+00
6.441261865413624221e+00 -9.781124677057866368e-01
2.313737429732227291e+00 6.561590023147245709e-01
1.377187915963714593e-01 3.579912972008496119e+00
3.026326246121566199e-01 1.776555393505759861e+00
-6.349953722836974013e-01 4.619157596358805518e-01
7.712140504436639787e-01 -9.663262344851115682e-01
1.442675868109255966e+00 3.231884799388470064e+00
5.447743672158579242e-01 -1.005631892543557837e-01
1.194214301172104031e-01 -2.706669490942484879e-01
1.017671157844277197e+00 3.929927742763342113e+00
4.217013711113732910e-01 2.959418580407600974e+00
-1.568594012792575043e+00 -1.909482872520028339e-03
4.941511639332176742e+00 3.714883074505010097e+00
4.472269082704290355e+00 1.999374321537910504e+00
-6.430979534397004982e-02 -5.960177190267724745e-01
-2.789542170655149311e-01 -2.351877751972977215e+00
4.651648364429599170e+00 2.872470371086847774e+00
2.928225036083513810e+00 4.936209726617905025e-01
9.774307589495476734e-01 6.813611273504016630e-02
5.721883689897688807e-01 2.617960679945286806e+00
1.368623113493925292e+00 1.947145917688312355e+00
3.915605391606099550e-01 1.209915539269402068e-01
-1.758795393400067963e+00 -1.583413589897056273e+00
-4.204240121966714566e-02 7.302408852158746022e-01
7.447287501571812074e-01 4.445494941711037318e-01
6.515074530697673172e-01 -8.368940440738629194e-01
2.429866158960778399e-01 2.895645491380038017e+00
-7.706138127673529681e-01 1.675755018150363984e+00
4.203153695263105227e+00 3.814308233422057715e+00
-8.385745863665908240e-02 3.952576518407839301e-01
1.492105021723853620e+00 1.186874991105226484e-01
4.257785851037738212e+00 9.508372801741293845e-02
2.667657333093666594e+00 1.680997009129218345e+00
4.407074041296414002e+00 4.489949925698712541e+00
1.055419917967051813e+00 -1.664662433448419687e+00
1.768962251013716847e+00 -1.129092840398105563e-01
-5.774632764445909450e-01 -1.272184670204175565e-03
4.172708873251925743e-01 3.737373315921105110e+00
6.051853956693467040e-01 8.365757407792970834e-01
9.554443546687950706e-01 4.032727206129131048e+00
1.486886654052776535e+00 5.100905786071313841e+00
1.902921112046620955e+00 -9.562525045736655072e-01
6.685539178297265073e-01 1.008396310772998294e+00
3.591443880651789544e-01 -1.319496855442729766e+00
-4.941695765605272350e-01 9.818648611848189711e-01
-5.239246860698335562e-01 -9.775060784407074710e-01
-1.284421101322191561e+00 -6.388617701063163956e-01
-1.641822639460681188e+00 -1.326860501561989203e+00
-2.194007686295386339e+00 5.364027707131266975e-01
3.573865725992717124e+00 1.224489779873333406e+00
-3.473733629968754621e-02 2.617196742740943272e+00
1.165517308454296685e+00 5.426573105583405443e-01
9.593222721025955746e-01 3.488151798182589580e+00
9.645213951640360106e-01 -2.614683024722068705e-01
-5.466753350686872626e-01 -5.029939966924993344e-01
3.230817346366070986e+00 2.055122853216305057e+00
-2.128434060533967553e+00 1.740541711160392024e+00
3.903342630794315316e+00 -2.175422929721049226e-02
1.531208448232085573e+00 9.280158454327879225e-01
3.436851026906947659e+00 3.637225491379999287e+00
4.330629577283272802e+00 4.327029254397541713e+00
8.790452919061486625e-01 3.016674497222370466e+00
5.945149709553992246e+00 -1.024853280193400051e+00
-1.015937255717651366e+00 -4.035546761360335188e-01
5.871650129708445576e+00 -2.974326531634363668e-01
7.025191922379331322e-01 1.078335613490914557e+00
3.838228384922196534e-01 3.339447329940212317e+00
7.125731203553286042e-01 1.503250392148689218e-01
3.882249528443235675e+00 1.890256477054444995e+00
8.422794969127589404e-01 3.838953105591907722e+00
3.861522932904611904e-01 5.266709146916355166e-01
-4.416064819431972932e-01 1.452286454356209733e-01
1.276394388753323339e+00 2.964486277118542734e+00
-1.392846239804283792e+00 9.059751377848789256e-01
5.884435620451748949e-01 1.289699016211189209e+00
4.488263460774699176e+00 1.764217679239015624e+00
-4.001998180370058833e-02 4.151668743864883382e+00
-5.236898710077860786e-01 6.292479480387945801e-01
-2.004800517379408120e+00 -4.134272695954230303e-02
4.691762261414234025e+00 1.148472929285973887e+00
1.269307960444589767e-01 9.411648001257576224e-02
-1.276555750407794232e+00 3.764928980075143428e-01
4.397177948018211602e-01 3.484328195869740963e+00
2.945709537907273967e-01 1.097664481654066382e+00
2.715550513838770552e+00 2.474641636323639649e+00
3.668563680962068085e-01 5.539727692638370948e-01
5.352113206130546530e+00 7.204938148125044073e-01
-1.617618527186871935e+00 -2.762383539655964282e-01
4.985523865060715876e-01 5.742251405146005933e-02
4.628819345085350534e+00 3.450724293489455974e+00
5.825979611221063337e+00 -1.621804769718361960e+00
5.611601890684887906e+00 1.845535827989183808e+00
5.890396273505832392e-01 -7.423628040172073339e-01
2.001078873816685699e-01 7.183982606771964763e-01
1.117606337707818698e+00 1.258796534266547029e+00
-8.887739536083838487e-01 -3.508042148215402278e-01
9.714632809951728731e-02 3.420652742960949233e+00
-1.608990319006816661e+00 -2.889894099373773728e-01
1.378078960894814298e+00 -8.676789707512609987e-03
2.988456892408520638e+00 -1.453246760967565887e+00
4.455854202889019788e+00 -4.775459075002541631e-01
8.858086570462579967e-01 -5.331428636861570286e-02
8.370790960733545116e-01 3.369602078774783571e+00
-2.154272745858825111e+00 9.331000304836866155e-01
-9.044316481891144788e-01 4.229202233457305393e-01
5.352003879358664395e-01 3.371210130067932909e+00
6.805532899390887014e-01 3.980739917583937082e+00
5.612808946110310337e-01 2.748197128584172866e+00
-7.131509653251277836e-02 7.668762942132211630e-03
3.183031656941422316e+00 1.968664916317864000e+00
1.523317626240764833e+00 2.235324990951336410e+00
1.224997336578669049e+00 3.235305865215262422e+00
4.997082748243721895e-01 1.953005515221003296e+00
4.252187775915743373e+00 4.491593709705536064e+00
6.559539255107501354e+00 -8.436484805956303568e-01
-1.180557409597579488e+00 4.177993458894425638e-01
4.796999458701176056e-01 7.120704093084216924e-01
4.596681852644495692e+00 -3.384780411081696472e-01
1.851213704444721220e+00 2.943209678276696550e+00
5.639053532345809749e+00 4.234449236520031690e+00
6.880000677822724953e+00 -1.287816085402596844e+00
1.615913864788639298e+00 4.138181180190711572e+00
4.215758913168652811e+00 -1.574316003676474174e-01
-9.116446608754704695e-01 1.546603712725282687e-01
1.862590128631712805e+00 3.670017501382772274e+00
4.432916738409781843e+00 3.841888982644843242e-01
8.330704777370364633e-01 1.847566808035284724e-01
1.837465339890766991e+00 2.636231027381918501e+00
-9.161282185519192822e-02 -2.875953886059603448e-01
3.478938173461172845e+00 3.721327326408347957e+00
2.437327444868650161e+00 3.168481131144834428e+00
3.771364299724013769e+00 4.418433183395129582e+00
-7.004791330646576997e-01 -1.127454048324357583e+00
1.037860123517480027e+00 -2.008404720421781420e+00
2.065276070487816362e+00 3.489446680266053757e+00
-3.635436476394990346e-01 -9.047469928046020238e-02
4.478730420560512182e-01 6.253775606905219442e-02
6.520805976749069477e-02 2.046336155223290820e+00
1.230639537022436558e+00 2.518176781403546283e+00
4.759702127515723191e+00 1.235330948094513603e+00
3.541969947595645651e-01 -9.997858667602732563e-02
5.927308887978745000e-01 -1.035882596845290271e+00
-1.212651100139151561e+00 -4.345975355586102484e-01
-7.622555622698615752e-01 3.304306788326534239e-01
3.248363111275773818e+00 -1.034805036460335836e+00
1.089501471871611837e+00 2.549261304388755978e+00
-7.104524488170916863e-01 -2.875026131064223889e-01
-1.016739085081398652e+00 2.015078244090298953e-01
6.133711880934547001e-01 2.684855045179294741e+00
7.171594517051419260e+00 -2.828768956570216542e+00
2.023485852468697388e+00 2.779207236496405109e+00
4.993195525633278842e-01 -6.621918509268713560e-02
6.279901397096099291e-01 4.552262661243308139e-01
3.597216672040363328e+00 4.642225205788344411e+00
-1.576692227407427538e+00 2.144143115741729833e-01
4.286307233801636585e+00 7.281424715309301465e-01
4.885537635786966426e+00 -1.544536536426766027e-02
5.611936638574661629e+00 -6.627415646914311953e-01
5.389920678797450293e+00 2.128449599050233232e+00
1.728774490227134031e+00 9.162922604633023660e-01
2.229133156337004706e+00 2.850699867109117047e+00
4.382180094749626775e+00 1.756158655697279691e+00
-8.384031114831002052e-01 4.828313867126255987e-01
-4.066067809583595039e-01 2.009497315584674593e-01
-1.294749127367463615e+00 2.469512172269751338e-01
1.694198983386979496e+00 -9.354187969884466547e-01
8.819474130447946258e-01 4.626038826421515537e+00
-1.657508553856770206e-01 3.785616825305140765e+00
3.689851409713150066e+00 1.683355438906433577e+00
6.698224032554772611e-01 -3.184847734729015500e-01
4.456262538129296402e-01 8.503094656807562435e-02
4.953274275652424841e+00 1.014905672638867440e+00
1.076192050647480025e+00 2.531415706095458518e+00
1.559485817357910697e+00 2.665393069098834555e+00
-3.921968692945256851e-01 3.671553141476065818e+00
5.328381760978295745e-01 2.773409049822403549e+00
1.869082058016584835e-01 1.912676349023542555e+00
9.592489070434409015e-01 4.118459012861502844e-01
4.135625636102776004e-01 -9.182598041992914295e-01
-8.796121271654729068e-02 1.080031045301173442e+00
4.388635285426612853e+00 5.558631374496914024e-01
5.516568341942267722e-02 -5.058880682473391177e-01
2.554440253112305603e-01 -2.238155685800421457e-01
-5.154604887412275183e-01 -1.129074196426770760e+00
6.531715730289676003e+00 -7.140365845640472831e-01
3.795832944439495815e+00 1.980036093270248099e+00
-1.187102633668539603e-01 2.406583919836934385e-02
3.902551778608212896e+00 1.992031013324232269e+00
1.201730660794923661e-01 1.468770740281358789e+00
3.903523212884747462e-01 3.651720831358199471e-01
-7.797053543569675282e-01 1.579453574088236723e+00
7.692928866687438472e-01 2.968294767639067633e+00
-6.290762592752138227e-01 1.510850542976411096e-02
-4.127566767636425826e-01 7.711701491876399306e-02
-9.071884405744421453e-01 9.780956851195953261e-01
8.305032383200640078e-01 3.349764464176271606e+00
-1.156755422127318939e-01 -1.040295357749261074e+00
1.186281077012719898e+00 1.934891833872549816e+00
-7.116483138799811758e-02 6.848822678736808944e-01
-5.500652669626595603e-01 3.324477804456423158e+00
6.127583666317584221e-01 1.132851598227042206e-01
7.658440089515831106e-01 1.952353802095673885e+00
5.831203504674840055e-01 9.362626216867370177e-01
1.283587055425798651e+00 1.157642862286832885e+00
3.370185932843743348e-01 2.498116251546615985e+00
5.291948818523635190e+00 1.539202125142090094e-01
-3.204788443724977398e-01 3.159899273200726721e+00
1.049544407127425139e+00 3.726034289085824014e+00
7.444203878661636020e-01 3.528820962352404056e+00
4.220130186419709162e+00 3.562383300309115874e+00
1.179533344220062840e+00 3.948250473013318995e+00
1.167827283083168632e+00 8.133789129442482446e-01
-1.512266657432645989e-01 3.202518772643792477e+00
-1.898802015961506662e+00 6.746795414100126287e-01
-1.339342465580157571e+00 2.677915650145594184e-01
3.748316028568183245e-01 5.396019622225374235e-01
4.561376883817374939e+00 4.911665329277994374e-01
2.444154924258787331e-02 2.729597775526497738e-01
1.255411916647604653e-01 1.003668557420232199e+00
2.177458086252944458e+00 3.507130745838022978e+00
3.487377325513138615e+00 4.061621609688163659e+00
5.007669203400655356e-01 -1.287760588352626856e+00
4.797249989748277738e-02 -1.997809087689266683e+00
2.431872037293734135e+00 -8.003946077986229257e-01
5.538712729085772946e-01 3.060091688119678466e+00
-1.701013863604616816e+00 1.350209488844088979e+00
7.867675027000370358e-01 -6.219589698816672119e-01
3.110621237374137316e+00 4.488349188550597724e+00
-7.384141481432460186e-01 3.597084202954761722e-02
2.210911757075670003e+00 2.865890183394187440e-01
-1.313947684664685811e+00 -7.638399964149344967e-01
1.703428084268736598e+00 9.539840570316553414e-01
-9.801851599418502925e-01 4.987412993348926959e-01
4.199110470952113872e+00 3.381641513001746535e+00
6.164171305698410430e-01 -5.775612429424187289e-01
-3.474383143581991074e-02 -1.197262954695460069e+00
1.127593916646165262e+00 -7.417496461934026675e-01
1.235407275846200692e+00 -3.641509822292922638e-01
-1.689925931559205785e-01 2.251112747278889437e+00
-1.289875020046078680e+00 -2.267326375307715525e-01
1.019129416840478530e+00 3.373758787091530653e+00
3.796030187041482762e+00 -1.923909620898349271e+00
-7.201840686025683391e-01 1.164204406583815077e+00
4.345001603624598197e+00 -4.217463978489774945e-01
-2.332217522706708235e-01 -1.723563066428782209e+00
-3.010709525973072065e-01 2.014642707145151423e-01
7.416105352316588739e-01 2.584840126773837454e+00
1.317999952870767544e+00 2.077101279981445003e+00
-1.421510662094651156e+00 2.076233786860309571e+00
-5.210998641528085118e-01 5.377529666633324990e-01
3.395519442346701666e-01 -3.036994437545463277e-01
4.360346744604247649e-01 4.132367311499705487e+00
2.758572697547248431e+00 3.086280719069562029e+00
5.543619138238473631e-01 3.988412188188370955e+00
-2.623885829174535944e-01 -4.914770628820151060e-02
5.685325575348472160e-01 2.824009254639351596e+00
-2.326123054905828713e+00 1.097469670172774636e+00
8.526121297817819134e-01 -1.251027620670845719e+00
-8.832055645074068373e-01 -7.961248605091795216e-01
1.472494564421291008e+00 -1.453253537243435423e+00
1.262907587806635146e+00 1.458949227224152434e+00
5.615985948710152442e+00 -9.669065731011116105e-01
-3.051977666013338530e-01 -1.771996377799060829e+00
9.155748877670496499e-01 -7.987113847201619821e-02
7.171063051702942781e-01 1.039242880133331548e+00
3.881314466708068345e+00 4.321646801775107960e+00
5.096278467920946298e+00 -2.076992466873470278e+00
3.534278163275475837e+00 3.135702002161874891e+00
1.587343242201105120e+00 8.398873865602798361e-01
-5.773225497280413121e-01 6.375228904223946558e-02
1.846834078334501861e+00 3.930822088593362906e+00
4.111182068445155657e+00 4.105712284662160094e+00
-1.375419182265107620e+00 -1.895575160680277038e-01
1.173126190884271058e-01 -1.240195731757639308e+00
-1.082743735653103112e+00 8.917784993735976551e-01
4.865337640289074450e+00 -1.826598428315812317e+00
1.210957104837037390e-01 5.514370471102403304e-01
-2.838907722237276054e-01 -1.685989767873434131e+00
-4.007993263462671096e-02 -1.404961110335596342e+00
-2.792132047732193700e-01 -2.052697739547751699e+00
7.209522261267932164e-01 -7.061977919674622406e-01
1.067679905046641009e+00 1.585927378915154229e+00
2.402156994837516546e+00 5.243305860531636275e-01
2.845370774763738897e+00 1.605288913781719895e+00
9.611262314031022297e-03 -1.310442813743298407e+00
6.933421918976492293e-01 -1.631373751387286353e+00
5.159944672659351639e+00 -3.205511166449214189e-01
-3.070097512699956344e-01 -1.561528125240772891e+00
-6.734085890614459613e-01 2.150425534591753784e+00
7.259792755243064111e-01 9.627299791800651985e-01
2.971149042631211934e+00 1.338674883489754608e+00
7.969740763787581672e-01 2.706624175939392973e+00
9.448100175033998793e-01 2.673915892214215884e+00
1.434992997715639262e+00 1.824562590427174280e+00
2.448086406014436667e-01 1.120450654996213879e+00
1.044840445099378901e+00 4.564343757760608966e+00
2.851056449059601317e+00 4.042183394213292758e+00
1.012642667682086550e+00 4.044523986662875714e+00
2.351574267947509789e+00 2.039664151205465625e+00
2.186738819807071965e-01 -8.984817797210705725e-01
7.467680711618560618e-01 1.119902556979391450e+00
2.276948519839951501e+00 3.635456205473720281e+00
5.094316738666885946e+00 4.674633746856038385e+00
3.838424329375134114e-01 8.650988335303629873e-01
-7.080221359821436966e-01 4.544158981422142252e-01
4.297758416610816923e+00 4.074795393396012599e+00
-3.319749473465174461e-01 8.390126077760918788e-01
1.661425704876796194e+00 -9.661790169336156309e-01
-1.563978860211328037e-01 2.240467426160741127e+00
-5.829795559013652984e-01 2.148363228106560385e-01
1.243292692218515905e+00 -5.804649387111723291e-01
7.125151539853757043e+00 -1.285651398746332941e+00
8.871145038024690344e-01 3.016494447791743028e+00
-1.192593793003832170e+00 6.902395134005658850e-01
4.025421119026112216e+00 4.159641631291744801e+00
4.864324822517611224e+00 -1.763013443127142033e+00
5.841525241380542965e+00 -8.693052514070551684e-01
6.935725763897703011e+00 -1.434963896783826076e+00
-5.760787039406405075e-02 -2.738889427864388271e-01
3.832208195404259166e-01 -1.058585995439180749e+00
-4.117935192970877123e-02 1.357147038005146911e+00
-1.426062157750216386e-01 1.631633955012595338e+00
7.349404582854648371e-01 2.507896587407389521e+00
9.906400131336053905e-01 3.042787531983732752e-01
7.261621624670853148e-01 -1.438379553027312463e-01
-2.063679086711388833e-01 1.438081255435282424e+00
1.157683512623773225e+00 2.583644378576042122e+00
4.262105289446076917e+00 3.663121333818785796e+00
1.975635698503992455e+00 2.739798543255346441e+00
2.309462170811869441e+00 2.465506586023907598e+00
4.611671250098715369e+00 -1.835013314535227202e+00
9.471999462191501573e-01 -4.346515307111785131e-01
2.605696200338303292e+00 -5.955660412396548420e-01
7.883978132811861883e+00 -5.532861639109118990e-01
4.196043081820454823e+00 4.851696896514482438e-01
-2.507154423369525320e-01 4.069512071220210414e-01
4.080670107296628046e+00 4.205980568685662391e+00
-2.168301612879482421e-01 -6.364941956681736679e-01
-3.336857665654713312e-02 1.100381089611708330e+00
2.475384655465378003e-01 4.085227401769969013e+00
1.065566767741662035e+00 -1.742573812296679847e+00
3.036715050833226570e+00 4.592476153176018983e+00
-6.444540343174537389e-01 -1.472313451518804994e+00
-1.037540675464868611e+00 -8.162631531628823378e-01
-6.031493207275211432e-01 4.096372493824953498e-01
5.090486595181572538e-01 3.008789265602336727e+00
-1.302700907168732325e+00 3.217704270783557252e+00
5.760132551726668382e+00 -2.378538364362109192e+00
-2.560129222149215567e-01 1.823572552985208040e+00
8.823347426364251955e-01 3.174175090909393759e+00
4.354630106676471435e+00 4.280654798702577146e+00
5.311089183375118372e-01 2.155568349568444564e+00
2.333296859996249140e+00 -5.252245531008744583e-01
6.243491022074179053e-01 3.600217513480762133e+00
3.980076963170304793e+00 3.663790241275787007e+00
4.969582935497733889e-01 2.055353579651308049e+00
-7.345047837990916761e-01 2.888765165665100110e+00
1.861228457036064599e-01 -1.098405193724699247e+00
6.325909193704599698e-01 4.235494756573754849e+00
-2.116419200839832759e-01 2.352797611060795546e+00
8.459241498192344721e-01 -1.832581244590987923e+00
4.260181004661434678e-01 1.264984543412310813e+00
-1.510548869685572337e-01 4.441745393360217453e-01
-1.219199702174082356e+00 8.902982890328312582e-01
3.100582733769943644e+00 1.876891506222219119e+00
1.075366460339599595e+00 -1.836752589353849663e+00
1.035837643055249169e+00 3.020193037661131008e+00
8.708910851278360843e-01 -2.553213172948951559e-01
3.587708327735914082e+00 3.983627012895639030e+00
1.066466887752224313e-01 5.855040912997613312e-01
4.531905593758527306e-01 2.957376845841054980e+00
-9.419592859781762417e-01 7.276881880365011490e-01
-1.485875974524955012e-01 3.947366538094410071e+00
2.393342079763969010e-01 2.529090904397279238e-01
5.888445881450347086e-01 -2.269856671261936132e-01
6.709202149827073747e-01 -6.729973770084953788e-01
5.718034325553627006e+00 -1.971956601287931043e+00
4.356793829709427079e+00 3.697724459076074499e+00
-8.231695377797757507e-01 -1.693098411870469500e+00
3.059863159050304482e+00 6.423991597396139230e-02
6.275496956688781935e-01 -1.767138368918881319e+00
-2.870908983700678485e-01 -1.329390874585789639e-01
8.616451535215580160e-02 -2.729174005600815800e+00
1.749646585291127154e+00 1.916074414842084073e+00
4.986619659109054581e+00 1.052580843411636824e+00
4.124813701963563339e+00 4.430985300550250194e+00
7.754090660436234739e-01 -1.592686629358575356e-01
1.006195063099613707e+00 -5.565675579866909972e-01
3.174218320110394620e-01 4.022726582533152850e+00
-2.695645878358204239e+00 -1.189976866350536788e+00
7.998998116633820876e-01 -1.469011272673109714e+00
1.380243799699285789e+00 -1.285201784061223096e+00
-9.290666399851042756e-02 6.570737038851292011e-01
-1.873799670468783818e+00 5.522551409863658139e-02
1.491292668620782580e+00 3.032455252349498309e+00
1.007016965664265351e+00 -3.709786049173469658e-01
4.233923202572284161e+00 -9.184770406806401777e-01
-5.940567730127730428e-01 -2.758743273165320531e-02
-1.213681937411576817e+00 1.016100263059373177e+00
6.046375024721221958e-02 1.826032674568798919e+00
-3.113360422863203358e-01 -7.397486885389301658e-01
4.855786153472334554e+00 -2.371343156529554241e-01
-1.043070272671285492e+00 1.003688067861996824e+00
-3.817824519238281478e-01 -2.022819796685083327e-01
1.541831566244348473e+00 3.512293579158663359e+00
2.169705749009649964e-01 -4.150208878475566965e-01
8.103474618634365356e-02 4.044204239593547356e+00
1.518102551396327993e+00 2.148195175201467855e+00
8.677099634502599690e-01 -1.159274382881277619e-02
4.563954605185202240e+00 -4.836375990804814839e-01
4.262230513884627925e+00 4.375892435052451290e+00
1.317039008006743561e+00 2.692573029663640316e+00
1.530028387240684795e+00 2.772584493263883232e-01
6.858079246132491556e-03 -1.002333767057876246e+00
4.311655224883770288e+00 1.362281141447277411e-01
-3.145269576381873322e-01 -4.594320999305460118e-01
-1.841056448640271848e+00 -8.303729730589218816e-01
-1.646652495294061325e+00 -6.708634714930277188e-01
4.036333483524408017e+00 3.126626133196250268e-01
3.889728565020774465e+00 3.413172288901174412e+00
6.909529071954187973e-01 9.273508391616845925e-01
4.575104004834967597e+00 3.316233953286381375e+00
3.702088081080296078e+00 2.849418113337609526e+00
4.397618770355112616e+00 2.850265142371576910e-01
-7.860756377686698437e-01 1.129320512438545032e+00
1.117717872913106314e+00 -1.102379763095134857e+00
-8.640850248681580803e-01 1.276106147896095777e+00
1.138206496977677729e+00 3.248131877897040276e+00
1.254706220811570017e+00 -1.587305226665041813e+00
5.192414637278482736e+00 -5.904287396918841413e-01
2.934833112944698064e-01 -2.148623337643283393e-01
1.197268061373139236e+00 2.801709480990858814e-01
8.113301984733409800e-01 7.639248871985637734e-01
1.134789340764136512e+00 1.607990929164524241e+00
4.159642931921509579e+00 -8.177287373008575999e-01
3.429489383037632511e+00 4.661794973778204287e+00
-3.185258740916722120e-01 -2.012524224115739280e-01
2.683496611743002580e-01 1.535265663144955273e+00
-2.329292673178617046e-01 4.655471567651427445e-01
4.434960026715772052e+00 1.581646411253511797e+00
-4.651201495482304438e-01 1.572602107445100206e+00
-1.720889577781416602e+00 -5.276655931705509506e-01
2.642940432730275530e-03 -9.517772792903400614e-01
5.622617239706122483e+00 -1.049558308077851887e+00
-2.174706518286574575e+00 8.656887266639985423e-01
5.046414448865617075e-01 4.596382407753552002e-01
-1.413416715473578389e+00 1.534473968012502576e+00
6.245565919499203034e-01 3.167104193986668648e+00
-6.480832450391825761e-01 -1.736006746295405634e+00
3.808044670938548482e+00 1.558957605708219951e+00
-8.672171138625989206e-01 -1.124793322059171263e+00
5.783585940332596209e+00 -2.219021427352937170e+00
-1.783197542291811155e-01 1.574680620015207033e+00
1.403828276299389444e+00 3.324215342492796488e+00
5.573146705689756786e+00 9.014592318584353503e-01
1.081379765186885278e+00 2.443641322632837731e+00
4.964011688186393378e+00 -4.936243538074064352e-01
2.295657927046039770e+00 4.315060362040892272e-01
-6.117734477902759815e-01 7.972475320978427149e-01
4.774887631025920065e+00 3.539058216973518800e-02
-2.247787598599187975e-01 -2.136258425834840935e+00
1.316501376321285388e+00 3.754713981088519503e+00
5.365907249982902805e+00 -1.272436327723357019e+00
1.833335922415668451e+00 3.164078714290495142e+00
1.942473178624710139e-01 -4.454707174623472876e-01
1.356190540654169219e+00 4.219551351248560067e+00
3.265983326042016799e-01 1.848478480337219176e+00
3.143068854175119498e-01 -7.180731467733227902e-01
-5.260163047919987067e-02 -9.178409066851808129e-01
3.170135857843250360e+00 -7.629945069672350311e-02
4.052981874363306147e+00 4.960034210265078514e+00
-7.079626399690320815e-01 -8.187458456399661078e-01
4.829057570257755394e+00 4.815789721320068217e+00
4.423500562597594055e+00 2.120395869839136083e+00
5.521682374787563186e-01 -1.541778483256618648e-01
5.109501632545918604e-01 2.981171585143680858e+00
-1.473813650258382735e+00 -2.952876850957531829e+00
1.408407244390092183e-01 1.044073847365946994e+00
3.174755771023715756e+00 3.957170675676213722e+00
1.328234187098721986e+00 3.199639652138120294e+00
5.210511509021319654e+00 -1.298713589533099011e+00
-1.318021495117959185e-01 -7.317698793649325406e-01
2.400030052117393398e-01 1.907543497051725989e+00
9.546848422482170360e-01 3.839092239532143402e+00
-1.185115876069626983e+00 2.117925590447863049e-01
1.181216582646468449e+00 3.339750952347362745e+00
-1.699900361691767392e+00 -1.267249948120722669e+00
4.563570607137862112e+00 3.614585764596923489e+00
4.887819587726219162e+00 1.763480991419176469e+00
-2.601851720527162293e+00 8.724195959618514795e-01
6.672137092896461841e-01 3.928944264998925351e-01
-1.228572110930378436e+00 -1.841466242795289088e-01
1.253365181869432909e+00 3.179253286694181391e+00
7.826205655525113603e-01 1.858884582967467169e-01
-3.356205412447566538e-01 2.472018031010343009e+00
-1.600252388377639612e+00 1.916557714455488634e-03
4.397681666914547982e+00 4.129656258770640243e+00
-1.604234733986489081e+00 -3.768484433105896703e-02
8.251898212164840984e-01 6.353962535258509403e-01
4.853499077222073188e-01 2.882438536634170045e+00
4.457629356582640590e+00 3.901140692177827329e+00
-6.486926869559120901e-01 8.528188719248475103e-01
1.260087988906496426e+00 3.144160498875736565e+00
5.687262880836281287e-01 6.960647443101332099e-01
-5.496433098646968940e-01 -3.418036697650299049e-01
7.398118374499087935e+00 -1.511411602863582226e+00
-8.003374967300012077e-01 5.134470579942278512e-01
-1.320624543605803280e+00 4.873343582163510157e-01
6.911767993974438085e-01 -3.196186368476697237e-01
1.715739497885899745e+00 1.776765745958419185e+00
1.187555789015816821e+00 2.856495797575911766e+00
-1.344717339536775302e+00 -6.286658474298584265e-01
8.962006302156291238e-01 2.957068333977890706e+00
8.202447555655718592e-01 3.365474751499885731e+00
4.204941560307030812e+00 4.158953539043769076e+00
6.327010884108333677e+00 8.095254095992368004e-01
1.128063172336915665e+00 3.123516732358544434e+00
1.029188553668460404e+00 3.526057262911417745e+00
9.600846705117446200e-01 -6.151160292426792742e-01
1.504098653221615178e+00 3.308540605844499716e+00
6.334023553448939303e+00 3.384272477195759965e-01
1.035596201894618540e+00 5.084323874053487957e-01
-1.667885946547808640e+00 -9.885561113436774905e-01
3.369845137411650704e+00 7.083364308402120280e-01
5.035582035956599478e-01 6.110259802488849923e-01
1.637663860458528520e+00 1.945982234227574548e+00
-9.295645239337891885e-01 -2.319488285700145314e-01
7.044948246055684038e+00 -1.767387998407736083e+00
1.444004390031953022e+00 6.404916994958032017e-01
-6.285896872365543953e-01 -4.991935736837126436e-01
3.088925617426905301e+00 -6.614239890555714263e-01
2.324217763536449433e-01 1.789416080510845275e-01
3.251160037411680470e+00 -7.483195257919408316e-01
4.033495107235447463e+00 -1.294844362173394714e+00
6.094476526348522327e+00 -5.286532220825126416e-01
4.565267029929400699e+00 1.368190252896982262e+00
5.924947845755666742e-02 -7.643561654139080508e-01
2.786645371718198927e+00 -3.268930466798963153e+00
-2.437019246158238228e-01 -4.832261335310686912e-01
-2.133070117251612885e+00 -1.313514646324345669e+00
4.463062688860734539e+00 3.782274115433168937e+00
4.269064564084593449e+00 4.591221029620496275e+00
-9.285560069154069618e-01 -1.786527393855696477e+00
9.747815934182140207e-01 3.310410234086010650e+00
5.207786237221975201e-01 4.108541485838964613e-01
2.343610697091982331e+00 3.111548524128879833e+00
-4.356086029292819406e-01 -9.731676626846200717e-01
2.418014926890879046e+00 2.246639055582054567e+00
6.513628233407465773e-01 7.932178359726648198e-01
1.549894297267576881e+00 2.856351778195222124e+00
-2.258851174721644428e-01 8.803431728458063210e-01
1.320594887660885730e+00 -5.719272315346650704e-01
6.563401096033472548e+00 -3.323994317857753567e-01
2.465435936983711995e-02 -1.567550312683378078e+00
1.077970538430035541e+00 3.824708387632298923e+00
-1.017323719570805585e+00 -9.086447242388252798e-02
2.820381248871956625e+00 2.501612266784486227e+00
1.500053778115659764e+00 -7.623565757196557047e-02
-7.523119198947079145e-01 2.304735158686099794e-01
3.122659235338324235e-01 2.685156995178333617e+00
-5.407505593764703189e-01 6.313447277188191653e-02
6.996883404629445913e-01 9.542729950668052408e-02
3.754813379522980998e-02 2.441577997706096959e+00
3.436413351416979456e+00 1.194052440602464848e+00
-3.007458408145399775e-01 -3.803470597906483674e-01
4.138335004607780476e+00 3.644116216337687231e+00
3.170518228577963615e+00 4.087503723029191072e+00
-1.839164797678907615e+00 -2.173988747354715922e+00
2.789997627661045865e+00 2.081285519175715581e+00
4.936606926748904334e-01 -1.032272339647762216e+00
-3.103991957690279135e-01 1.164665727736635681e+00
8.161161063115902892e-02 -5.233074981657873659e-01
-2.164975954193365804e-01 1.881255862268618406e+00
1.868021344627446068e+00 -7.475510938090574875e-01
-2.054197014087662865e+00 1.033085167407034710e+00
-1.151913874182948216e+00 -1.481720983045239137e+00
8.261541956977649370e-01 2.308179314640187219e+00
4.421812956666290262e+00 -8.836043212920481338e-01
9.367878408435101889e-01 1.705477904073134043e+00
4.863234447007650729e+00 3.860314580985380939e+00
1.466448065519984967e+00 2.732004204191726404e-01
1.560083275925555346e-01 1.658728111049659337e-01
-2.546164435418310501e-01 1.062081418999835991e+00
5.501784702721308484e+00 -1.040449806519482046e+00
1.119918814895686676e+00 3.232868921814216812e+00
-1.473629555551094206e-01 -5.814671648369975632e-01
5.632882039344870861e-01 3.035628600120883203e+00
8.066645013001713105e-01 1.490029666085951554e+00
-5.922733751212974074e-01 7.761131198592966518e-01
6.399000853167083891e-01 -7.095704776301779981e-01
5.229938455194843572e-01 8.834130703855118671e-01
5.657480492345694501e-01 -9.851088110061334557e-01
-3.278617615352783649e-02 -1.406212451813085573e-01
2.305011176358635172e+00 -3.441127195317336684e-01
-1.557216028013315823e+00 -2.974028434993793102e+00
3.776698184982962392e+00 4.508245467575259013e+00
1.224220158176804407e+00 2.914248469471502290e+00
-7.988537421938149766e-03 -1.066125414936274884e+00
1.301627789610985575e+00 2.407682024183433356e+00
-1.302273768979888890e+00 6.287812489534981841e-01
-4.240052477757985661e-01 -1.406162732617538547e-01
-1.541057094824131557e+00 -3.092896490505192553e-01
-8.753986987782787221e-02 5.687374074994257928e-02
6.003489574869520506e-01 1.859595601825602962e-01
4.261398179210004855e+00 1.150669141510876514e+00
-1.579180698385071191e-01 -9.606690494124441315e-01
-8.489660426339262767e-01 5.021404461834880761e-01
1.753067812513643187e+00 1.459191655516307140e+00
5.715827426227278352e+00 -1.582911736274950076e+00
-5.379451898115457098e-01 -1.474572454696512491e-01
1.721309321690266181e+00 2.260130796403621467e+00
4.918444864772723690e+00 4.586752888738796052e+00
5.964863209252396103e+00 9.669630720416277914e-02
-1.412586978864277087e+00 3.386321205944857748e-01
2.130968043479160023e+00 3.296415401033414128e+00
1.261457167012594915e+00 2.837829359639365556e-01
4.613876644534580684e+00 3.965164741741245003e+00
1.287788022979622804e+00 1.910382223135625557e+00
7.012718411886954828e-02 1.829589023284901916e+00
1.132293981746249845e+00 -8.139583712277034255e-01
2.965565050087369814e-01 1.136787504338341304e+00
2.835263550135331823e+00 -6.002331308716962743e-01
-7.903323089217308972e-01 -2.437259080756092544e+00
8.719794015836791701e+00 -6.095334296445924505e-01
6.415844198827834077e+00 1.656328113109654554e+00
4.218253495069549608e+00 2.020629141214425495e+00
-2.296552271539436807e-01 4.480581115719987073e-01
3.349090424560814849e+00 4.308136559917188357e+00
-2.699776982054407082e-01 4.254493799425983491e-01
1.442689839725754153e+00 6.423988987339013246e-01
-7.824510664992376796e-01 -2.104016445927379686e-01
9.755504349967963895e-02 -7.845941506677162058e-01
6.744734787813869703e-01 -6.453312865010309984e-01
1.361399318383590407e+00 3.838711427453136871e+00
8.946173593434596505e-01 1.793195524182607636e+00
-8.314568901845604820e-01 1.532924301008581791e+00
5.318171082720144938e+00 -8.133608854391458642e-01
6.106116027078094532e+00 -4.060536033371811571e-01
-5.871493347291526499e-01 -1.184257453430249463e+00
5.072854324652338320e+00 -1.346206117681602699e+00
-6.628050349118547180e-01 1.471713645162789019e+00
4.979946407140525722e+00 -1.019903131516460171e+00
-6.079763617694994293e-01 -1.627172986237893193e+00
2.321579533715012023e+00 -2.673359535625501882e-01
6.775735489033904990e+00 -2.010392238307281421e+00
4.607401949615370640e+00 4.059856610215910599e+00
1.071120290694234090e+00 4.331672736395113077e+00
-9.757497747079473260e-01 -5.945585019177308111e-02
1.539418949873074149e+00 -1.183860956301643341e+00
5.441442752622798196e-01 2.524820017185643195e+00
3.108159789842626086e+00 3.992287283538115794e+00
7.369320240787595733e-01 4.229240381142667538e+00
4.206585607367036017e-01 3.023304788510666974e+00
-7.536364792820869907e-01 8.042174455222299567e-01
3.314185440429110452e-01 3.849805996706376465e+00
-1.213014080912547810e+00 -6.384820933977906066e-01
3.344101034443266229e+00 5.142487770197984531e+00
4.024396945015513261e+00 3.987318664723368045e+00
-5.901274634889206450e-01 -6.234650127837845224e-01
6.006446432554937154e-01 2.850993052040140086e+00
1.139376145263506057e+00 3.156540528558081427e+00
8.727218736952904177e-01 1.888256520859501464e+00
6.207822893987254176e+00 -5.770276110561496363e-01
-2.147390123677399010e-01 -7.816478542513339775e-03
4.092947128546359004e+00 4.499775130658465905e+00
-1.775565109395629837e-01 5.776948167617420582e-01
2.213902151223024362e+00 2.929600353351934139e+00
3.769702001578875361e+00 1.746912614070928127e+00
-8.824703306767844868e-01 1.447202766272433383e+00
1.334230998050228711e+00 3.781568947251730428e+00
5.744314251660114223e+00 1.582587175023514314e-02
1.693905301168272093e+00 1.244152538536552832e+00
-1.158282957409082353e-01 2.217894698775453588e-01
5.078578048244181353e+00 -3.469778618270955017e-02
2.972326491165709905e-01 -2.368718380624938558e+00
5.146415672937413532e+00 9.514825103334751955e-01
9.676064165720932309e-02 2.589529291166201119e+00
3.688597429105657799e-01 -2.480671686850095536e+00
3.757125963394299717e+00 8.534190091098056152e-01
6.259842852659818213e-01 -9.807201964942418027e-01
1.600222931087791123e+00 2.321078092361718692e+00
7.404317223551133864e+00 -3.452938093392587948e-01
1.114505667086860968e-01 1.197360771601915008e+00
2.860029119602356951e-01 1.238763954454417782e+00
8.210773305505197905e-01 5.905784937788604028e-01
6.828771769695214378e-01 2.180283039100354703e+00
9.847608550762719168e-03 -7.002699206500009321e-01
9.453738291257735016e-01 1.938935741822317871e+00
4.371507493680619305e+00 4.755809997095303387e+00
-2.431444715303702764e-01 1.170539844666963758e-01
-4.143429279985432756e-01 -1.301122677839945119e-01
-7.563585382005767466e-01 6.426828298135025541e-01
1.367116495475101390e+00 -6.086845759009382739e-01
4.469489490202033899e+00 3.746867368334738213e+00
3.129631004342835476e-01 3.447933785700914910e+00
1.076981934948421538e+00 8.718894742969701683e-02
3.081286593401845408e+00 4.358241420049497883e+00
7.567070350827735659e-02 3.870536580212578515e-01
1.691707374407890541e+00 2.251357269314462783e+00
-3.246301514677587541e-01 -5.687705124793580591e-01
5.474228864660211968e+00 -6.125506530978847008e-03
1.799437935675632483e+00 6.848823113213098335e-01
-2.071977630715362562e+00 -5.769578191000775957e-01
3.736230154159700501e+00 3.953999692355163909e+00
6.121060983921480236e-01 2.047875762961541835e+00
-1.996240297258487506e-01 -4.142711412881765476e-01
-5.981529387438263567e-01 7.501728168217878245e-01
1.281020087283320397e+00 -1.301829686010963272e+00
1.536457543496500211e+00 5.006300856890322226e-01
2.234488741859012306e-01 -1.361328829518545946e+00
1.222892152891565720e+00 5.900217426042052571e-01
2.593472060562125939e-02 -1.954144805294053544e+00
4.367601284614220702e+00 -3.152034092100340912e-01
2.550978824242213339e+00 1.880001425077442834e+00
-3.323540366563091930e-01 -2.671655822452588258e-01
8.950748690890055759e-01 7.427564401033714958e-02
8.008961305545556630e-01 3.013018597711474733e+00
4.771203990800501060e-01 2.322070089019812933e+00
-7.028394574986638332e-01 1.268756980085956165e+00
1.849131372437926579e+00 3.639691049434865544e+00
5.768476112978064840e-01 3.472558094047863086e+00
5.199515688261445723e-01 1.132773916586360813e-01
1.812484358766065506e-01 3.505639719869839688e+00
6.830488332198808576e-01 -1.461582162753009673e+00
1.309839000233326445e+00 1.007639108519768012e+00
3.871657528131818626e+00 4.190284260681861994e+00
6.435165210448415607e+00 -8.741199525643770230e-01
5.778315770449337307e+00 5.181770162155667769e-01
5.533994043897748627e-01 1.166457060856840755e+00
1.243177977372423637e+00 -5.290892698348832468e-01
3.545370308371408097e+00 3.799838938666201926e+00
9.587143332133576945e-03 -3.609000633896872201e-01
2.006937809290905150e-01 3.021185666049423624e+00
6.348368636874313076e-01 3.102462549296582939e+00
-7.213469591357538624e-01 -2.055762731049617098e-01
-2.673147441171516148e-01 -3.735094433165762062e-01
1.730724393437962583e+00 -3.359068001171134354e-01
8.685145554018261840e-03 -1.236083675869454446e+00
7.669293850428819947e-01 -8.034139118793304224e-01
2.151574295808892145e+00 3.789289695846738137e+00
-1.924796427821525435e-01 6.353282140929310262e-02
-2.570123823124750295e-01 3.054403831838581329e+00
1.066600257799808826e+00 1.618847328464648072e+00
-4.747602373737783155e-02 1.197659185461032560e+00
7.670141769237589502e-01 -6.298841180333654144e-01
5.142253964281122691e-01 3.204018344607295177e+00
1.050056230098973392e-01 1.257986296295310336e+00
-1.072749709372359694e+00 7.771807119020651689e-01
1.081067484890300134e+00 3.598330928218111957e+00
5.473930966115801766e+00 4.610527880068763018e+00
1.810001027548521879e+00 2.045486200866025450e-01
2.732189231327664669e-01 9.520749473051921541e-01
-1.524543873964776530e-01 3.428467229408987738e+00
-3.712889481413987336e-01 4.491957077377436436e-01
-3.215009565564996841e-01 -1.474883186416950709e+00
2.771088600362788812e-01 2.636741251198406299e+00
4.035990470323611135e+00 6.144416713364275751e-01
5.728397869340533965e+00 -1.243910251172802628e+00
-8.424274599534726793e-01 5.267839716525559712e-01
5.702564082499304909e+00 -2.435221232521946888e+00
-1.001437404564607947e+00 4.006156683024140186e-01
-2.627406254913473571e-01 1.325341493663302117e+00
1.108401941452231920e+00 1.456345918060052425e+00
4.150710324389759176e-01 -1.946630107206757998e+00
3.528893741646132121e+00 5.596830365279331643e-01
1.242628302794696049e+00 3.086917735274008479e-01
9.639783798702419304e-01 3.246801822301006002e+00
-6.854796704789928308e-01 9.000018626669872845e-02
1.029456396682517871e+00 4.574674418941759302e-01
4.862937141226858273e+00 1.067457680749031579e-01
1.722944644590863827e+00 2.248397104073580621e+00
5.256278435709507590e+00 1.840838865448775064e+00
4.177422006638928376e-01 -4.465005474635340144e-01
3.900963400833306061e+00 3.113155382355247358e+00
3.380877678395400876e-01 2.178240054807505821e+00
2.213089039550706350e-01 -1.003548728373432342e+00
5.305070957517114216e+00 1.776761911455591925e+00
-5.633306635802783763e-02 2.932605476588712734e-01
2.140116713815939153e+00 1.535472378223322387e+00
4.492439340662499614e-01 2.815630297937849136e+00
5.541769817347826255e+00 3.538539009876150998e-01
2.000975386347121798e+00 3.426702863033320057e+00
5.466344197227417823e+00 -7.990759027150130533e-01
4.204664750371030379e+00 7.144202031369585315e-01
1.704787985849820497e+00 2.424815224206473274e-01
1.117836389554895810e-01 2.438542159054463421e-01
5.000315783197203601e+00 9.006077012949978422e-02
6.128299423076159158e+00 -1.113428250535490882e-01
5.505098668082523794e+00 4.627015019158977616e+00
1.696091548226692058e+00 3.152931569764477526e+00
9.877205146247829415e-01 -6.418868781052230466e-01
-5.793383674703646014e-01 2.201556092402486564e-01
-2.663037371356681837e-01 3.316090836978403122e-01
4.452871496487196268e+00 4.632087111162457305e+00
-1.635023269267354973e+00 -1.359973863815932660e+00
1.589337799109115545e+00 2.401681542695768279e+00
1.405006562171568163e+00 3.776635967643351854e+00
3.122336168716397076e+00 9.610237380930330975e-01
9.490130361447417506e-01 3.458374109932418339e-01
1.946982021883508329e+00 1.791716358506350470e+00
4.222916645452414741e-01 3.270719610759945883e+00
5.942160525826811757e-01 3.704396410629954062e+00
-1.227447383831919536e+00 -1.216078144796352678e+00
-4.953002346652676802e-01 -9.891804061843632034e-01
-7.719797497853769785e-02 2.424230118574731918e+00
-2.969797882503231179e-01 -5.529596004403120046e-01
-3.089642271886041125e-01 -4.504345307550854383e-01
4.880984751879498873e+00 -1.166345538963912798e+00
4.719837184576598510e+00 -8.063215231557674390e-04
-1.019501114686104382e+00 -1.144968927735912079e-02
1.552884591302817752e+00 7.194664928743077503e-01
2.200823777913625712e+00 4.173734222872453437e+00
-6.568872520041137975e-01 3.773370332593000143e+00
4.567439603463476772e+00 1.709534125967547169e+00
6.579013631166445997e-01 -1.108925077773862178e+00
2.016989849045341288e+00 3.854165872824724559e+00
1.994824628454765048e+00 -5.386562156652628941e-01
5.036776483554197270e-01 8.396036984423933536e-01
1.238045270775406603e+00 -1.986000615380218992e+00
2.743865258410837171e+00 3.900046111802881299e+00
1.435679555479195901e+00 4.186534050300541043e-01
-2.146516159164173487e-01 3.083371666897430252e+00
3.929332977679857564e+00 5.040705575901008650e+00
6.343772894076570523e+00 -3.677161080754435041e+00
1.964152852516516390e+00 2.970798237000148223e+00
5.734925773159350371e+00 -2.983796234615255782e-01
-2.127015905528986117e-01 3.024369606107200625e-01
4.409985028764433324e+00 1.010547309085833456e+00
1.343692148688171217e+00 3.045992893477440067e+00
1.191489316314751301e+00 -5.343291789449240436e-01
-5.426576823748832101e-01 1.176737292886572028e+00
1.004347525820576070e+00 3.610833827851751554e+00
1.636741548530436852e+00 3.665963581170132990e+00
1.432767590518044809e+00 2.994899709367943696e+00
-7.965126010320946470e-01 5.919226842881489814e-01
4.071455034817894614e-01 3.029776266952370456e+00
1.602327656896758823e+00 -1.599286864964324373e+00
1.588202357473398885e-01 -1.342785147908300392e+00
4.103372820717270386e+00 -8.253938226421337898e-01
2.650920679291995929e-01 5.522387396181258068e-02
-6.811721485405619614e-01 4.449761803098334356e-01
-2.041730725958370130e+00 8.186652693961701810e-02
1.028071077359278496e+00 6.857235144888753631e-01
2.444311519632098140e+00 3.050655453045104881e+00
4.353689598569272512e+00 1.239436487099070394e+00
8.463762677754985475e+00 -2.859995400152218537e+00
1.369162690170961927e+00 4.017994401360196477e+00
6.126383086030285918e-01 -8.290937775303267587e-01
-6.449131373844447790e-01 2.370619418744567497e+00
-5.082031953638461719e-01 2.720299463283563757e+00
6.303711941657037521e-01 4.106251274030079834e+00
4.198655796613718572e+00 -2.886464008208705634e-01
1.300403182639551680e+00 1.974305762745518500e+00
-6.912736709398955570e-01 -4.873740646934067722e-01
7.736739688304542506e-01 9.011280760644750920e-01
4.110650618162061676e+00 3.812563142320338994e+00
-1.004213527439246301e+00 -4.148976904340493516e-02
-9.452676662750125747e-01 -7.332760005896288291e-02
4.177696893604696982e+00 4.584742067125484155e+00
1.624590407393886382e+00 1.513925469669095691e-01
3.804049278009817847e+00 3.557407926551276134e+00
-4.700236891892535795e-01 3.126050241634876214e-01
4.724106270456452705e+00 -1.738516614297953344e+00
1.243858655204429731e+00 3.175592086358814958e-01
3.891690994500706102e-01 1.825876214066221026e+00
