8.035553440717156937e-01 1.143870990973933216e-01
1.371250495520952573e-01 -7.105163531788911691e-01
5.944995316792687223e-01 3.303777724313315733e+00
4.285965428846712832e+00 -1.243145820391446943e+00
8.966325851731578034e-01 3.421847411473314171e+00
-2.424789321933434327e-01 -8.349722305340523398e-01
-2.535853059993393166e-01 2.162469928317244106e-02
2.994892674523616183e+00 6.117079720461306991e-01
4.625801153080234762e+00 -2.105448181419158626e-01
7.641083953355843894e-01 4.368410692879226009e-01
4.508813207319771088e+00 8.514313146485217310e-01
-3.735113775076153608e+00 -3.526723027358074636e-01
2.588990466646528876e+00 -5.714477847159890045e-01
1.349369231710411121e+00 4.062116453756260626e+00
4.254985957993943635e-01 -1.923846752489879242e+00
-3.564223091338136196e-01 3.423968143844444145e-01
-6.151193959181583404e-02 -2.262284519117869000e-02
-6.428939810955953682e-01 3.452067629395209725e+00
2.824015379952903526e+00 1.009588030866934272e+00
1.943167113323182704e+00 2.479278061194619021e+00
5.006394909461328702e+00 2.418013855689806757e-01
6.541120360800114497e+00 -2.516020576865197089e+00
6.803185863411843393e+00 -1.421496090791087630e+00
4.031995247300248941e+00 5.628957376758771947e-01
4.881499328724249409e+00 3.898593102287729817e+00
3.479262724579901267e+00 2.883629991812173277e-01
1.382846852700692963e+00 3.623000219371295683e-01
5.090104362896086254e-01 3.062450658945617743e+00
1.493646425877585671e+00 2.492365782149922104e+00
6.547509913101672296e-01 -4.962573769095113829e-01
4.587874680022809848e-01 4.316527424121220591e+00
-3.071617918948762460e-01 -5.025120321341667307e-01
1.811645344466988661e+00 2.912997265219507526e+00
4.252102500874709035e-02 -3.122341150610109528e-01
3.134440207436212766e+00 2.925785495613372422e+00
2.914674713755239566e+00 3.677982855654503780e+00
2.185421645773753807e-01 1.255156375260612966e+00
4.286314718212755004e+00 4.733558538125198112e+00
3.538602009858261788e+00 4.731388270387889783e+00
-1.307734325093333316e+00 -1.552300635062175749e+00
-2.503429064090342049e+00 3.839338836396102295e-01
1.199117513142344826e+00 -2.257827201646533666e-01
8.069453826837634514e-02 1.973082504398386561e-01
5.847130584507562734e-01 1.192901953660986170e+00
1.719229370338219320e+00 2.685621557910096158e+00
9.263471560445801778e-01 2.379534275804096932e+00
-1.815075687981030139e+00 -2.508482041827645226e+00
6.433730492227196507e+00 -1.286978409328359385e+00
1.834290334935041233e+00 3.137049212033105050e+00
1.080862979914062327e+00 -1.994516991429627462e+00
4.926505621911204003e+00 1.662198966735407790e+00
4.003990465662154108e+00 5.420658282890782331e-01
-8.678786028040361700e-01 6.354006104590492754e-01
-7.189589027362164320e-01 3.940414188599903333e+00
6.167914757220492206e+00 6.169829563088944369e-01
-6.777667665249681450e-01 -7.892111922867846019e-01
2.930598374973674591e+00 4.210323365222206071e+00
3.043558196790278725e+00 3.323375407068131615e+00
8.472387704190097457e-01 -9.532067600746896296e-01
1.178969807231707634e+00 3.687280509067305090e+00
1.419506131358162504e+00 3.877441891306945720e+00
8.002112334160713658e-01 2.221021852723041590e-02
4.672807281870420049e+00 3.866359821157835164e+00
1.406860675098081381e-01 -7.681090321174842694e-01
3.061246575172246853e+00 3.841713276337920924e+00
7.989049573826576545e-01 2.053618857376262319e-01
-1.069416098941538884e+00 4.018335727246569178e-01
-5.456690619476600723e-01 3.347375811253559541e-01
2.769848937164098301e-01 1.087822469266603864e+00
5.030086167686664389e+00 -1.384416121992630422e-01
-3.583380597902164899e-01 1.463181409672064115e+00
6.962463111164925778e+00 -1.783323662987937874e+00
7.040680904458120892e-01 -1.101359780587137099e-01
5.484360306580827737e-01 3.148226280535630028e+00
5.299933246067165982e+00 -1.436004186895079471e+00
6.682740160447168343e+00 -1.539815333684319887e+00
9.692106567152563024e-01 -4.391624851146219144e-01
-3.056275914611233380e-01 5.444069064814285319e-01
3.349760699861701330e-01 -8.856212449396744235e-01
4.577595844724452689e+00 3.947501009303767461e+00
3.666321110555861296e+00 1.431586048854321280e+00
3.772759825608192341e-01 -2.634333171064862089e-01
1.101235798570099345e+00 2.203131869068759130e+00
6.402790488764756205e+00 1.309283014635252540e+00
-6.015462530420698783e-01 -1.517775179664771157e+00
5.009025145487527864e-01 -1.053520411765604126e-01
-1.567548320887953262e+00 9.419073579716773503e-01
3.263381777646527038e+00 -8.491201929100830603e-02
-5.032225177798184124e-01 1.022606703042249654e+00
3.361600167930358651e+00 4.000991638507451320e+00
4.166152979384669663e+00 4.494541097215353886e+00
1.593409281748291662e+00 3.636271671559709873e+00
4.913500187110353856e+00 1.461185293425934173e+00
-1.683646483507229841e-02 2.611680931876665834e+00
-1.418413878752526891e+00 9.289996874442850716e-01
1.343369342827224200e-01 2.588613855821230381e+00
1.016830370895372704e-01 5.847570928698813120e-01
-4.205571200804458232e-01 2.468579295025227216e-01
1.391591231755602565e-01 -6.158237225504661905e-02
-5.855585208236123440e-02 -9.409436634120401655e-01
